9.999882078434049193e-01 -4.822004621507888951e-03 5.765809276786972460e-04 -5.790375553870852343e-02
4.822751592739982218e-03 9.999875238645913322e-01 -1.301223362262875303e-03 -5.310270954047550951e-02
-5.702992291105272310e-04 1.303988724620896555e-03 9.999989871855844425e-01 9.969088510661210378e-01
0.000000000000000000e+00 0.000000000000000000e+00 0.000000000000000000e+00 1.000000000000000000e+00
9.999809405949682262e-01 -5.896647658644860526e-03 1.829752222235605814e-03 -9.844223779144503639e-02
5.897852276629009932e-03 9.999823938822688385e-01 -6.536543513986873156e-04 -9.700619148467058694e-02
-1.825865638001778445e-03 6.644335014454647676e-04 9.999981123696152219e-01 1.995147969795585619e+00
0.000000000000000000e+00 0.000000000000000000e+00 0.000000000000000000e+00 1.000000000000000000e+00
9.999712947215282366e-01 -6.985675985210768220e-03 2.934291052844072330e-03 -1.466215630380736101e-01
6.991053719786411574e-03 9.999738942304872147e-01 -1.826478962916107830e-03 -1.489587154055551366e-01
-2.921455260689331118e-03 1.846940319709309847e-03 9.999940269374683055e-01 2.992637019857821379e+00
0.000000000000000000e+00 0.000000000000000000e+00 0.000000000000000000e+00 1.000000000000000000e+00
9.999641882828891326e-01 -7.834005392043688967e-03 3.201641963480032164e-03 -1.993575592042166611e-01
7.843796297338638188e-03 9.999645639942750242e-01 -3.057059925027395819e-03 -2.071380962830763062e-01
-3.177579486140544741e-03 3.082063473841336731e-03 9.999902018886739352e-01 3.989568120623546488e+00
0.000000000000000000e+00 0.000000000000000000e+00 0.000000000000000000e+00 1.000000000000000000e+00
9.999535778266757102e-01 -8.872740819413147198e-03 3.757214657673476482e-03 -2.498487585167261660e-01
8.884115218885511867e-03 9.999559703719006487e-01 -3.021558268050499908e-03 -2.585942469611822725e-01
-3.730239725526118995e-03 3.054797528670406652e-03 9.999883766942728736e-01 4.986960899555610283e+00
0.000000000000000000e+00 0.000000000000000000e+00 0.000000000000000000e+00 1.000000000000000000e+00
9.999403143596595767e-01 -1.001177539138041472e-02 4.374022384470013097e-03 -3.016411979495888795e-01
1.002201192398822181e-02 9.999470761579621891e-01 -2.324684954355696938e-03 -3.048849315079834588e-01
-4.350516670781392689e-03 2.368382708539268095e-03 9.999877318087663225e-01 5.984543646481474077e+00
0.000000000000000000e+00 0.000000000000000000e+00 0.000000000000000000e+00 1.000000000000000000e+00
9.999505968106826570e-01 -9.037665751254208429e-03 4.138180243784164714e-03 -3.598083199328959703e-01
9.052539896570798578e-03 9.999525810981958474e-01 -3.589857445138454860e-03 -3.718912812367334286e-01
-4.105540084137508997e-03 3.627141136488438132e-03 9.999849940813068105e-01 6.980698528624010635e+00
0.000000000000000000e+00 0.000000000000000000e+00 0.000000000000000000e+00 1.000000000000000000e+00
9.999389242892909868e-01 -1.029871080457372794e-02 4.010517041625017570e-03 -4.238456115245010647e-01
1.031493335315725179e-02 9.999386159678075314e-01 -4.045546477884839030e-03 -4.409129592509558604e-01
-3.968606946695407353e-03 4.086667609255604725e-03 9.999837745217425855e-01 7.976313118994005080e+00
0.000000000000000000e+00 0.000000000000000000e+00 0.000000000000000000e+00 1.000000000000000000e+00
9.999324083444502964e-01 -1.046505480758629612e-02 5.065705315485177253e-03 -4.698311426551999848e-01
1.049331543358981121e-02 9.999293479030312293e-01 -5.584759030560648534e-03 -5.062740467179225323e-01
-5.006902603439874165e-03 5.637537591221755337e-03 9.999715741440976524e-01 8.973174421171261628e+00
0.000000000000000000e+00 0.000000000000000000e+00 0.000000000000000000e+00 1.000000000000000000e+00
9.998961825628075450e-01 -1.275910590850961798e-02 6.695469568382603903e-03 -4.924198710677849533e-01
1.278227883477658922e-02 9.999124214821676349e-01 -3.429681247122664308e-03 -5.303480951612956629e-01
-6.651123522816973846e-03 3.514908545359007701e-03 9.999717035865560710e-01 9.973362249190932616e+00
0.000000000000000000e+00 0.000000000000000000e+00 0.000000000000000000e+00 1.000000000000000000e+00
9.998858594694188806e-01 -1.358773503344283366e-02 6.606170582383266363e-03 -5.633240729848141282e-01
1.361426770000370191e-02 9.998993683145092071e-01 -3.988102209898780962e-03 -5.925458391725032525e-01
-6.551316516188325327e-03 4.077585180578017707e-03 9.999702263322628459e-01 1.096895059420408636e+01
0.000000000000000000e+00 0.000000000000000000e+00 0.000000000000000000e+00 1.000000000000000000e+00
9.998818739994110860e-01 -1.394814199918146744e-02 6.456576662414079647e-03 -6.156519447117762001e-01
1.397069634066389759e-02 9.998964137689576592e-01 -3.461412389960098149e-03 -6.390779354722591066e-01
-6.407627578439096042e-03 3.551206379109691016e-03 9.999731652609814558e-01 1.196652036609865810e+01
0.000000000000000000e+00 0.000000000000000000e+00 0.000000000000000000e+00 1.000000000000000000e+00
9.998515426650803617e-01 -1.552288756588050649e-02 7.478809522734071631e-03 -6.523798612950991727e-01
1.555684857189143337e-02 9.998688388635037505e-01 -4.504390331401693891e-03 -7.065915064029801851e-01
-7.407907448910008158e-03 4.620068328861983396e-03 9.999618882116767526e-01 1.296375477066381166e+01
0.000000000000000000e+00 0.000000000000000000e+00 0.000000000000000000e+00 1.000000000000000000e+00
9.998630131394422582e-01 -1.476151642689517776e-02 7.486827665674848295e-03 -7.117673001006501465e-01
1.479058891867372945e-02 9.998832290144529233e-01 -3.842761385755390832e-03 -7.551316247082945354e-01
-7.429228436108947092e-03 3.952969568246701183e-03 9.999645896712711091e-01 1.396082038539599424e+01
0.000000000000000000e+00 0.000000000000000000e+00 0.000000000000000000e+00 1.000000000000000000e+00
9.998296511287705357e-01 -1.651066517966700772e-02 8.250252059586423922e-03 -7.554619244157506630e-01
1.654905833869550411e-02 9.998524404178241731e-01 -4.607174689778122979e-03 -8.263913695798974501e-01
-8.172967137112237962e-03 4.742923765414505666e-03 9.999553526444711071e-01 1.495746159198870195e+01
0.000000000000000000e+00 0.000000000000000000e+00 0.000000000000000000e+00 1.000000000000000000e+00
9.998025220099393540e-01 -1.803367917639960016e-02 8.348856084965087035e-03 -8.038789168555795506e-01
1.807004862065338807e-02 9.998274704683854930e-01 -4.301469473781380053e-03 -8.767358699924150400e-01
-8.269844340257712784e-03 4.451484263618897021e-03 9.999558960086368797e-01 1.595503053482247680e+01
0.000000000000000000e+00 0.000000000000000000e+00 0.000000000000000000e+00 1.000000000000000000e+00
9.997749663265914633e-01 -1.936961114612211279e-02 8.650715040440268983e-03 -8.533547761010902288e-01
1.940328609102311488e-02 9.998044183086240988e-01 -3.825914194064747049e-03 -9.224029582659099002e-01
-8.574916648743295330e-03 3.992905533362825846e-03 9.999552627542223071e-01 1.695278403551310120e+01
0.000000000000000000e+00 0.000000000000000000e+00 0.000000000000000000e+00 1.000000000000000000e+00
9.997286340606000854e-01 -2.118809537200243287e-02 9.681056442040335275e-03 -8.856237836053625356e-01
2.123295295262644933e-02 9.997641813817680356e-01 -4.554485146809243191e-03 -9.937631897803628211e-01
-9.582272603025861202e-03 4.758806630635841264e-03 9.999427652676979861e-01 1.794999883415777120e+01
0.000000000000000000e+00 0.000000000000000000e+00 0.000000000000000000e+00 1.000000000000000000e+00
9.996931766381899065e-01 -2.247116073424655636e-02 1.042110926440806620e-02 -9.219314585727650391e-01
2.251707153609139658e-02 9.997371709962300512e-01 -4.309340772197711202e-03 -1.037491910486808555e+00
-1.032153440549090327e-02 4.542671428568362084e-03 9.999364130102499360e-01 1.894848927381809744e+01
0.000000000000000000e+00 0.000000000000000000e+00 0.000000000000000000e+00 1.000000000000000000e+00
9.996380997349912922e-01 -2.456278442674638893e-02 1.096992157769795424e-02 -9.552773845714306322e-01
2.461269913133257853e-02 9.996872082982540819e-01 -4.438536505552221484e-03 -1.100985435895832643e+00
-1.085746746190322833e-02 4.706929577302603612e-03 9.999299776555679031e-01 1.994605242851023519e+01
0.000000000000000000e+00 0.000000000000000000e+00 0.000000000000000000e+00 1.000000000000000000e+00
9.996414513494258358e-01 -2.418743505327747984e-02 1.148637147045838448e-02 -9.878492379175272120e-01
2.423244274062973450e-02 9.996991463471450734e-01 -3.795459341155457775e-03 -1.138192947563865021e+00
-1.139111332733159891e-02 4.072441323287423302e-03 9.999268262022121823e-01 2.094507395438565567e+01
0.000000000000000000e+00 0.000000000000000000e+00 0.000000000000000000e+00 1.000000000000000000e+00
9.995911627633404795e-01 -2.581612402553747770e-02 1.228963244898381539e-02 -1.011302002301165626e+00
2.587171734625478420e-02 9.996556480833885816e-01 -4.386285049437394466e-03 -1.206615759963076684e+00
-1.217216361164763852e-02 4.702445669789440466e-03 9.999148590943783832e-01 2.194280910252245320e+01
0.000000000000000000e+00 0.000000000000000000e+00 0.000000000000000000e+00 1.000000000000000000e+00
9.995048618118425043e-01 -2.899600409911682469e-02 1.221732216051142281e-02 -1.060652387777209604e+00
2.904273519552221655e-02 9.995714516367911751e-01 -3.665051852284108638e-03 -1.248403062944561714e+00
-1.210581458856414307e-02 4.018061597457935410e-03 9.999186489080712503e-01 2.294078907554373714e+01
0.000000000000000000e+00 0.000000000000000000e+00 0.000000000000000000e+00 1.000000000000000000e+00
9.994901441862616975e-01 -2.983133257456265647e-02 1.138170775199530069e-02 -1.148164056163786029e+00
2.988897614383932005e-02 9.995410741360527540e-01 -4.928510933214097674e-03 -1.340964792390798799e+00
-1.122946034318565364e-02 5.266185694738603935e-03 9.999230802959926390e-01 2.393392023815639291e+01
0.000000000000000000e+00 0.000000000000000000e+00 0.000000000000000000e+00 1.000000000000000000e+00
9.994574243074189068e-01 -3.089172719339380521e-02 1.142620618532405596e-02 -1.206998238510295307e+00
3.095132461613190125e-02 9.995080024032542143e-01 -5.076281745958649214e-03 -1.405118976175842249e+00
-1.126376940848768625e-02 5.427183695648884337e-03 9.999218335329231877e-01 2.493012420527653461e+01
0.000000000000000000e+00 0.000000000000000000e+00 0.000000000000000000e+00 1.000000000000000000e+00
9.993943146655890342e-01 -3.345791361310872236e-02 9.569317151995042348e-03 -1.341494030557066175e+00
3.353310142800019350e-02 9.994071098547191445e-01 -7.807680862985628273e-03 -1.564118976371624559e+00
-9.302414886325662338e-03 8.123840747846706664e-03 9.999237312359294805e-01 2.591583804662387180e+01
0.000000000000000000e+00 0.000000000000000000e+00 0.000000000000000000e+00 1.000000000000000000e+00
9.993539171024327095e-01 -3.453774091730357071e-02 9.944487133746590310e-03 -1.381271211269851751e+00
3.460258006891230725e-02 9.993805078664117492e-01 -6.423546469769735728e-03 -1.582913885510561780e+00
-9.716471818451038675e-03 6.763501238544507820e-03 9.999299201576050677e-01 2.691574927794536976e+01
0.000000000000000000e+00 0.000000000000000000e+00 0.000000000000000000e+00 1.000000000000000000e+00
9.992879981516579191e-01 -3.606252944910780245e-02 1.109011811406612931e-02 -1.395789479769726338e+00
3.612945136277569830e-02 9.993297350154485281e-01 -5.894358165261199406e-03 -1.624954396355845931e+00
-1.087011933130095642e-02 6.290841254363212925e-03 9.999211298007619764e-01 2.791553174085975897e+01
0.000000000000000000e+00 0.000000000000000000e+00 0.000000000000000000e+00 1.000000000000000000e+00
9.992964619935890136e-01 -3.624437378097888907e-02 9.639834869965835384e-03 -1.512002417119018505e+00
3.631813663326929897e-02 9.993114544179482195e-01 -7.590126518964115596e-03 -1.748296340641607660e+00
-9.358098021655632606e-03 7.934887416415389860e-03 9.999247289486854484e-01 2.890490827104396487e+01
0.000000000000000000e+00 0.000000000000000000e+00 0.000000000000000000e+00 1.000000000000000000e+00
9.992076272835170858e-01 -3.849796916145085263e-02 1.010069051538539479e-02 -1.550571543343770120e+00
3.858727440892390642e-02 9.992164774698205632e-01 -8.800761699783672676e-03 -1.845012466367289328e+00
-9.753964944280109350e-03 9.183546332966327150e-03 9.999102572954297052e-01 2.990019330113908680e+01
0.000000000000000000e+00 0.000000000000000000e+00 0.000000000000000000e+00 1.000000000000000000e+00
9.991659744261188747e-01 -3.946424526258789089e-02 1.048469813387315104e-02 -1.590563564917681694e+00
3.955067326972802610e-02 9.991841825234560881e-01 -8.167841749545098201e-03 -1.879808868174430936e+00
-1.015380682382860389e-02 8.575706430868195937e-03 9.999116748324285986e-01 3.089916060738211101e+01
0.000000000000000000e+00 0.000000000000000000e+00 0.000000000000000000e+00 1.000000000000000000e+00
9.991636925511336864e-01 -3.941882768857490199e-02 1.086607156435163112e-02 -1.623755015642954547e+00
3.951324041536482395e-02 9.991819044605954048e-01 -8.615429784734179516e-03 -1.943488936713593462e+00
-1.051757193752594390e-02 9.037578334724205922e-03 9.999038468064712637e-01 3.189666451336021424e+01
0.000000000000000000e+00 0.000000000000000000e+00 0.000000000000000000e+00 1.000000000000000000e+00
9.990868652818694073e-01 -4.127944356649494717e-02 1.102012523014641275e-02 -1.670138711910079676e+00
4.136259972198784440e-02 9.991165928449173839e-01 -7.427600299036920574e-03 -1.961403137455595358e+00
-1.070378276528899213e-02 7.876638928113658886e-03 9.999116898975159984e-01 3.289629546966582296e+01
0.000000000000000000e+00 0.000000000000000000e+00 0.000000000000000000e+00 1.000000000000000000e+00
9.990040434012199544e-01 -4.310068074167496682e-02 1.154350846227820797e-02 -1.698783997712261185e+00
4.319498755793118455e-02 9.990342385385957424e-01 -8.048805966028556649e-03 -2.040630343906674415e+00
-1.118545117038180839e-02 8.539411409018709750e-03 9.999009771646889533e-01 3.389315285744583406e+01
0.000000000000000000e+00 0.000000000000000000e+00 0.000000000000000000e+00 1.000000000000000000e+00
9.988774382770890803e-01 -4.566549903302080660e-02 1.259069096857392926e-02 -1.710817855752161831e+00
4.576952348584068658e-02 9.989191752393532520e-01 -8.101361552831899682e-03 -2.102982535984067702e+00
-1.220712991986375000e-02 8.668537200439885640e-03 9.998879149394304111e-01 3.489182105239829923e+01
0.000000000000000000e+00 0.000000000000000000e+00 0.000000000000000000e+00 1.000000000000000000e+00
9.987537308819861570e-01 -4.810510387680316108e-02 1.329977557388236850e-02 -1.732951866449495171e+00
4.819812480327376192e-02 9.988148906559566331e-01 -6.764241966187180440e-03 -2.110209399304026068e+00
-1.295861932314412712e-02 7.396836143285231285e-03 9.998886743034467450e-01 3.589320804262244735e+01
0.000000000000000000e+00 0.000000000000000000e+00 0.000000000000000000e+00 1.000000000000000000e+00
9.986941594169262970e-01 -4.919146175635060597e-02 1.379043279935949010e-02 -1.769055209330916423e+00
4.929352176187182244e-02 9.987586637403822465e-01 -7.161027568605558835e-03 -2.180728815034165713e+00
-1.342105282131190840e-02 7.831455407492754137e-03 9.998792645351561870e-01 3.689015889365737166e+01
0.000000000000000000e+00 0.000000000000000000e+00 0.000000000000000000e+00 1.000000000000000000e+00
9.985131173257204562e-01 -5.256635704582850177e-02 1.443373255275342756e-02 -1.788602314299467366e+00
5.267056431139687661e-02 9.985878491325358430e-01 -6.936801855044992526e-03 -2.233736294653346999e+00
-1.404870754173917664e-02 7.686720483227143380e-03 9.998717658503094574e-01 3.788895211745902714e+01
0.000000000000000000e+00 0.000000000000000000e+00 0.000000000000000000e+00 1.000000000000000000e+00
9.984225444125942595e-01 -5.391376131731357574e-02 1.567575035857292007e-02 -1.793173798009923603e+00
5.402117299930710159e-02 9.985185622319229237e-01 -6.511048001139669271e-03 -2.276015650500868404e+00
-1.530149262208907804e-02 7.347599534107130716e-03 9.998559281739640703e-01 3.888902410211494498e+01
0.000000000000000000e+00 0.000000000000000000e+00 0.000000000000000000e+00 1.000000000000000000e+00
9.983312454781045897e-01 -5.557390937219867932e-02 1.569282954828636958e-02 -1.849402270219592026e+00
5.569759181385693092e-02 9.984190835157173982e-01 -7.557244059413720759e-03 -2.373763736596504526e+00
-1.524803489890627292e-02 8.418685688803984740e-03 9.998483000750620908e-01 3.988334013778786868e+01
0.000000000000000000e+00 0.000000000000000000e+00 0.000000000000000000e+00 1.000000000000000000e+00
9.981375276346360348e-01 -5.869032701823008458e-02 1.664095676077727293e-02 -1.854741000651247917e+00
5.880476487315845768e-02 9.982485185521117188e-01 -6.472622090696603797e-03 -2.384651105027348006e+00
-1.623193012656650586e-02 7.439134560505929021e-03 9.998405791531732589e-01 4.088515634211679384e+01
0.000000000000000000e+00 0.000000000000000000e+00 0.000000000000000000e+00 1.000000000000000000e+00
9.979558444433432873e-01 -6.156582762757140115e-02 1.714005279776370169e-02 -1.885254369947188202e+00
6.166907836150022082e-02 9.980811561512396013e-01 -5.561520462064839000e-03 -2.411168959143960233e+00
-1.676476410276979065e-02 6.607163108216945052e-03 9.998376308582490601e-01 4.188486049598126471e+01
0.000000000000000000e+00 0.000000000000000000e+00 0.000000000000000000e+00 1.000000000000000000e+00
9.978912758643173619e-01 -6.279611988323846594e-02 1.642098905364828762e-02 -1.974137874151783434e+00
6.290825530899299411e-02 9.979987720866726475e-01 -6.403305980124725065e-03 -2.503536655076519235e+00
-1.598602414201194533e-02 7.422818946072019634e-03 9.998446623306150860e-01 4.287803844235477158e+01
0.000000000000000000e+00 0.000000000000000000e+00 0.000000000000000000e+00 1.000000000000000000e+00
9.978048146208393643e-01 -6.402395328857359014e-02 1.692587737105896370e-02 -2.002336579211829282e+00
6.414301184045793913e-02 9.979189784881483671e-01 -6.586835750798492907e-03 -2.569441304607934740e+00
-1.646893899171343947e-02 7.658053177888401661e-03 9.998350505308405411e-01 4.387561578194524969e+01
0.000000000000000000e+00 0.000000000000000000e+00 0.000000000000000000e+00 1.000000000000000000e+00
9.976359608615966712e-01 -6.630217898293090661e-02 1.806960591380419104e-02 -1.994475933739293438e+00
6.644853684930758508e-02 9.977607361248412854e-01 -7.622689696186419478e-03 -2.676926316190680666e+00
-1.752374236147434886e-02 8.805368233823716514e-03 9.998076734772104457e-01 4.487236111483838386e+01
0.000000000000000000e+00 0.000000000000000000e+00 0.000000000000000000e+00 1.000000000000000000e+00
9.975473721458214538e-01 -6.738975985618142484e-02 1.891720358558141371e-02 -2.004732049669209371e+00
6.752845673817038652e-02 9.976942393012616650e-01 -6.790610844448822375e-03 -2.691048876712574422e+00
-1.841596740693872761e-02 8.051405567083971121e-03 9.997979931030356315e-01 4.587371131984257033e+01
0.000000000000000000e+00 0.000000000000000000e+00 0.000000000000000000e+00 1.000000000000000000e+00
9.971545751953720949e-01 -7.302044970257835776e-02 1.872877711372299483e-02 -2.070704831197796914e+00
7.315216765842108559e-02 9.972999591104116934e-01 -6.446078284381828900e-03 -2.759044930347054780e+00
-1.820751311455959254e-02 7.797787096801561159e-03 9.998038212482354137e-01 4.686909575229881142e+01
0.000000000000000000e+00 0.000000000000000000e+00 0.000000000000000000e+00 1.000000000000000000e+00
9.969507657138647616e-01 -7.550802069305173614e-02 1.969034163141787294e-02 -2.066930733519795282e+00
7.565380004922991897e-02 9.971111904366345424e-01 -6.765829154818294583e-03 -2.830308736746787623e+00
-1.912258561637860885e-02 8.234847725271825236e-03 9.997832335072854848e-01 4.786768497409562428e+01
0.000000000000000000e+00 0.000000000000000000e+00 0.000000000000000000e+00 1.000000000000000000e+00
9.968971272155455754e-01 -7.636090898845047936e-02 1.910835753943820881e-02 -2.155511283956893287e+00
7.649233943555415471e-02 9.970506213814291918e-01 -6.243429392960729921e-03 -2.868242940996647672e+00
-1.857524581462292879e-02 7.685699796780363739e-03 9.997979247135679870e-01 4.886408373888031065e+01
0.000000000000000000e+00 0.000000000000000000e+00 0.000000000000000000e+00 1.000000000000000000e+00
9.967039917884635836e-01 -7.850111647399303505e-02 2.046283131153839654e-02 -2.130898550408452774e+00
7.863921218661053258e-02 9.968848903252234273e-01 -6.032391560540219071e-03 -2.918403833382875678e+00
-1.992553787523506509e-02 7.621689681870338039e-03 9.997724154960336840e-01 4.986484816506109041e+01
0.000000000000000000e+00 0.000000000000000000e+00 0.000000000000000000e+00 1.000000000000000000e+00
9.965686402082387652e-01 -8.010174536617614693e-02 2.084839904644118433e-02 -2.159681730038013558e+00
8.023108826371162794e-02 9.967614346869301256e-01 -5.441947893596228193e-03 -2.941268430702957737e+00
-2.034497061998677067e-02 7.095964356459589020e-03 9.997678377805125916e-01 5.086478242900721369e+01
0.000000000000000000e+00 0.000000000000000000e+00 0.000000000000000000e+00 1.000000000000000000e+00
9.964609305367864156e-01 -8.126158064037999895e-02 2.149812609494105783e-02 -2.166643221996030988e+00
8.139227515154066894e-02 9.966681886073424090e-01 -5.274406489692832004e-03 -2.983195659165934988e+00
-2.099789178520409388e-02 7.005521393112446905e-03 9.997549755868111454e-01 5.186455829852537391e+01
0.000000000000000000e+00 0.000000000000000000e+00 0.000000000000000000e+00 1.000000000000000000e+00
9.963549615224445155e-01 -8.249966945487324788e-02 2.169320606665404647e-02 -2.205959015639239684e+00
8.261994391795073056e-02 9.965700155288699236e-01 -4.706274087420951428e-03 -3.010112525089631230e+00
-2.123053265013941440e-02 6.481411005915844493e-03 9.997535975402949138e-01 5.286380817856991143e+01
0.000000000000000000e+00 0.000000000000000000e+00 0.000000000000000000e+00 1.000000000000000000e+00
9.962455097077180799e-01 -8.368142057138382162e-02 2.218793001543452326e-02 -2.226030326276721816e+00
8.379175677378623843e-02 9.964748976155077820e-01 -4.088999746756846743e-03 -3.030644529896066697e+00
-2.176754198290486997e-02 5.932813272071612958e-03 9.997454555249049024e-01 5.386421390552940380e+01
0.000000000000000000e+00 0.000000000000000000e+00 0.000000000000000000e+00 1.000000000000000000e+00
9.962759134188268195e-01 -8.323835419894599907e-02 2.248734603590383033e-02 -2.258846470018881281e+00
8.334945869280524500e-02 9.965121586856307001e-01 -4.047879361215165304e-03 -3.080154729394017910e+00
-2.207197492532522037e-02 5.907112827536497614e-03 9.997389328924510821e-01 5.486247847972830272e+01
0.000000000000000000e+00 0.000000000000000000e+00 0.000000000000000000e+00 1.000000000000000000e+00
9.961626842608823917e-01 -8.459102940490437206e-02 2.245582842778408306e-02 -2.316451101946861435e+00
8.472371986350432649e-02 9.963918202736068430e-01 -5.023124957815761071e-03 -3.195652439822579183e+00
-2.194989245189984603e-02 6.906390958376404376e-03 9.997352169376041431e-01 5.585583571051803631e+01
0.000000000000000000e+00 0.000000000000000000e+00 0.000000000000000000e+00 1.000000000000000000e+00
9.957762258939825140e-01 -8.908051661381906350e-02 2.223442160610466720e-02 -2.368487352052585315e+00
8.924328269293131666e-02 9.959890579684376188e-01 -6.436839390399989001e-03 -3.348427277664069557e+00
-2.157184365167962373e-02 8.393924407767924117e-03 9.997320629021071436e-01 5.684728310960652209e+01
0.000000000000000000e+00 0.000000000000000000e+00 0.000000000000000000e+00 1.000000000000000000e+00
9.957181889007721276e-01 -8.962852182819028291e-02 2.262777865956996926e-02 -2.407144718476557088e+00
8.978949236758593244e-02 9.959414741979603081e-01 -6.198954167365300881e-03 -3.400215000264036114e+00
-2.198034013713500226e-02 8.204148175859248687e-03 9.997247404161619944e-01 5.784498014041470526e+01
0.000000000000000000e+00 0.000000000000000000e+00 0.000000000000000000e+00 1.000000000000000000e+00
9.954831191271731328e-01 -9.200809752371544303e-02 2.340661280294810756e-02 -2.406199206796029610e+00
9.217453195917058029e-02 9.957239871989124191e-01 -6.131637204836602219e-03 -3.455318028859370560e+00
-2.274236555304938109e-02 8.261434909891006081e-03 9.997072238922147802e-01 5.884426094051754319e+01
0.000000000000000000e+00 0.000000000000000000e+00 0.000000000000000000e+00 1.000000000000000000e+00
9.953065957473657965e-01 -9.378208650534038127e-02 2.386840406267737996e-02 -2.430617292071626245e+00
9.397070746065894209e-02 9.955510162246532513e-01 -6.905087501755677662e-03 -3.565227076529374983e+00
-2.311464040684189925e-02 9.115609950440115711e-03 9.996912618674282935e-01 5.983919842445995130e+01
0.000000000000000000e+00 0.000000000000000000e+00 0.000000000000000000e+00 1.000000000000000000e+00
9.952825774770097667e-01 -9.416245934390946037e-02 2.336711837240865869e-02 -2.525327093111983778e+00
9.435751862145962121e-02 9.955109631404039927e-01 -7.387891909692913608e-03 -3.659662601765794943e+00
-2.256656044514810527e-02 9.557903408958389260e-03 9.996996533119821837e-01 6.083197154361744907e+01
0.000000000000000000e+00 0.000000000000000000e+00 0.000000000000000000e+00 1.000000000000000000e+00
9.951249342596083514e-01 -9.560681295705139582e-02 2.420129192852249131e-02 -2.523040932197825992e+00
9.582133644831421215e-02 9.953674947463421185e-01 -7.862689339724076090e-03 -3.748647998713761531e+00
-2.333745264747532147e-02 1.014335834866672732e-02 9.996761853647081475e-01 6.182926023822564332e+01
0.000000000000000000e+00 0.000000000000000000e+00 0.000000000000000000e+00 1.000000000000000000e+00
9.950234907429763576e-01 -9.655913559494203047e-02 2.458833468994433419e-02 -2.549231165740066363e+00
9.677356068322810756e-02 9.952767737235233003e-01 -7.682554209899576311e-03 -3.802594645873470736e+00
-2.373037762777214024e-02 1.002382260697682465e-02 9.996681410137985280e-01 6.282750170181170546e+01
0.000000000000000000e+00 0.000000000000000000e+00 0.000000000000000000e+00 1.000000000000000000e+00
9.949163972781034371e-01 -9.749684651248931300e-02 2.521363415465608174e-02 -2.557916570439065396e+00
9.771831632018165847e-02 9.951843006477146814e-01 -7.703142207744780208e-03 -3.858127801212750452e+00
-2.434118079949565763e-02 1.012781637096028114e-02 9.996524067158738536e-01 6.382631760573865165e+01
0.000000000000000000e+00 0.000000000000000000e+00 0.000000000000000000e+00 1.000000000000000000e+00
9.947426546881652509e-01 -9.902724567950950407e-02 2.608937632597171929e-02 -2.551404388466312678e+00
9.926971108229873386e-02 9.950270613972660438e-01 -8.165264769984647425e-03 -3.950920975856433426e+00
-2.515105177890281096e-02 1.071222200372680053e-02 9.996262666087532001e-01 6.482344304646254329e+01
0.000000000000000000e+00 0.000000000000000000e+00 0.000000000000000000e+00 1.000000000000000000e+00
9.945657353628657438e-01 -1.005768229745292869e-01 2.689425073279241851e-02 -2.549348352798952444e+00
1.008212724647681441e-01 9.948732693428264939e-01 -7.889801372982467934e-03 -3.995751388108957247e+00
-2.596283999706346449e-02 1.055843868525842798e-02 9.996071479895549672e-01 6.582324983453554523e+01
0.000000000000000000e+00 0.000000000000000000e+00 0.000000000000000000e+00 1.000000000000000000e+00
9.945258928206737181e-01 -1.009491004993587349e-01 2.697271987802955101e-02 -2.603654631930296226e+00
1.011959949533220854e-01 9.948347650220742411e-01 -7.947383776229320976e-03 -4.057386284783342845e+00
-2.603111819833144741e-02 1.063341017030171830e-02 9.996045775572911518e-01 6.681973804652666615e+01
0.000000000000000000e+00 0.000000000000000000e+00 0.000000000000000000e+00 1.000000000000000000e+00
9.942869297840594145e-01 -1.031088894424094932e-01 2.760540125678884182e-02 -2.601569816056978457e+00
1.033441397140864998e-01 9.946193714851111478e-01 -7.231504222641030322e-03 -4.072307013360222605e+00
-2.671123447822622635e-02 1.004304657559962864e-02 9.995927406539750759e-01 6.782141462015425759e+01
0.000000000000000000e+00 0.000000000000000000e+00 0.000000000000000000e+00 1.000000000000000000e+00
9.942931862092379003e-01 -1.030131960494139187e-01 2.773700231770958452e-02 -2.646332132986182639e+00
1.032717472226912236e-01 9.946205834808731217e-01 -8.052399750626059588e-03 -4.181077426496635496e+00
-2.675828999507042644e-02 1.087089489675457758e-02 9.995828217614981526e-01 6.881554386197794315e+01
0.000000000000000000e+00 0.000000000000000000e+00 0.000000000000000000e+00 1.000000000000000000e+00
9.941644024818716563e-01 -1.042074989464158719e-01 2.789153995751883150e-02 -2.687286757110215696e+00
1.044802209000359194e-01 9.944906224838637732e-01 -8.502072238057887046e-03 -4.271258456448751240e+00
-2.685189525059591270e-02 1.136657182241469603e-02 9.995747979848492726e-01 6.981088132351580100e+01
0.000000000000000000e+00 0.000000000000000000e+00 0.000000000000000000e+00 1.000000000000000000e+00
9.940910678243325416e-01 -1.047663699480606003e-01 2.840698153251612623e-02 -2.701275634421347327e+00
1.050304854598304305e-01 9.944370933688323477e-01 -7.966458198227138743e-03 -4.287233637304788125e+00
-2.741433923980548387e-02 1.090298399786669530e-02 9.995646947266505489e-01 7.081180870992203324e+01
0.000000000000000000e+00 0.000000000000000000e+00 0.000000000000000000e+00 1.000000000000000000e+00
9.939386952282245336e-01 -1.058809862970617327e-01 2.958186722943571129e-02 -2.656825524281240192e+00
1.061356034404472987e-01 9.943258183762023750e-01 -7.169420676089987080e-03 -4.282213164551482265e+00
-2.865490900964113435e-02 1.026565396163102266e-02 9.995366489220812722e-01 7.181617795295241535e+01
0.000000000000000000e+00 0.000000000000000000e+00 0.000000000000000000e+00 1.000000000000000000e+00
9.938419627538970236e-01 -1.066938661174711422e-01 2.990939655680829520e-02 -2.682578665898173398e+00
1.069600237134927245e-01 9.942354834374882433e-01 -7.440215120308091637e-03 -4.359846367408145795e+00
-2.894315802904974186e-02 1.059350776345517435e-02 9.995249227490857757e-01 7.281291257603247402e+01
0.000000000000000000e+00 0.000000000000000000e+00 0.000000000000000000e+00 1.000000000000000000e+00
9.934027348142933089e-01 -1.106269844800653324e-01 3.021054068257449099e-02 -2.695230944347200897e+00
1.109000800018214022e-01 9.938031570070486875e-01 -7.513812508638808077e-03 -4.438355152553477900e+00
-2.919210028545231664e-02 1.081459327356452255e-02 9.995153154670747275e-01 7.381009867988124995e+01
0.000000000000000000e+00 0.000000000000000000e+00 0.000000000000000000e+00 1.000000000000000000e+00
9.929455749215366778e-01 -1.143763457222056329e-01 3.125918717716161949e-02 -2.652794775746763811e+00
1.146729572520572144e-01 9.933721960748042035e-01 -7.860848592256729911e-03 -4.539388812909749937e+00
-3.015291227743171695e-02 1.138997825971512813e-02 9.994804001462095355e-01 7.480787964734923889e+01
0.000000000000000000e+00 0.000000000000000000e+00 0.000000000000000000e+00 1.000000000000000000e+00
9.925005163677532716e-01 -1.179621439504806024e-01 3.205709912565874592e-02 -2.629361203812731862e+00
1.182659940222771100e-01 9.929517305603426935e-01 -7.746962962626967319e-03 -4.597594292112107794e+00
-3.091730369339003998e-02 1.148012943426079437e-02 9.994560155206918539e-01 7.580742132405423206e+01
0.000000000000000000e+00 0.000000000000000000e+00 0.000000000000000000e+00 1.000000000000000000e+00
9.922980574002013832e-01 -1.193800020542873097e-01 3.306025392080361863e-02 -2.594195537023864517e+00
1.196831351258188236e-01 9.927850068158367014e-01 -7.340123168895312279e-03 -4.625048469903471293e+00
-3.194546049511610974e-02 1.124034479887520838e-02 9.994264065965797750e-01 7.680924730931629085e+01
0.000000000000000000e+00 0.000000000000000000e+00 0.000000000000000000e+00 1.000000000000000000e+00
9.922224292002372881e-01 -1.198487782358972908e-01 3.362917405089077549e-02 -2.598449481254054838e+00
1.201718602650975742e-01 9.927228599424778865e-01 -7.749022393425415017e-03 -4.707476724446309824e+00
-3.245573897492828180e-02 1.173003422801063844e-02 9.994043382458350777e-01 7.780630103716910639e+01
0.000000000000000000e+00 0.000000000000000000e+00 0.000000000000000000e+00 1.000000000000000000e+00
9.923283776981367543e-01 -1.189806888111519662e-01 3.358551034316484274e-02 -2.669706841237905692e+00
1.192713771537032841e-01 9.928385316748415956e-01 -6.781490514898787930e-03 -4.683548547319250410e+00
-3.253812236202827113e-02 1.073525555206871797e-02 9.994128400622938058e-01 7.880722199452210930e+01
0.000000000000000000e+00 0.000000000000000000e+00 0.000000000000000000e+00 1.000000000000000000e+00
9.921182197025830707e-01 -1.204385220858284339e-01 3.458324062262086579e-02 -2.631105298610397103e+00
1.207463774686552832e-01 9.926590732081688184e-01 -6.948144046980559915e-03 -4.751152897886347759e+00
-3.349254338472737458e-02 1.106918132844022379e-02 9.993776677324417435e-01 7.980664245761950326e+01
0.000000000000000000e+00 0.000000000000000000e+00 0.000000000000000000e+00 1.000000000000000000e+00
